|0000|019|0|01082025|31082025|E. V. SOUZA SANTOS - COMERCIO|07541522000140||MA|122230434|2104008|||B|1|
|0001|0|
|0005|MERCANTIL BOM PRECO|65750000|RUA GETULIO VARGAS|334||CENTRO||||
|0100|MICHEL BUENO DE MELLO & CIA LTDA|09520985980|12345|08543628000145|84200000||443||teste|||marcos05111993@gmail.com|4112009|
|0150|1|NF-E EMITIDA EM AMBIENTE DE HOMOLOGACAO - SEM VALOR FISCAL|1058|08543628000145||9041143751|4112009||RUA PAULO ROGERIO CHAMMA|443||ARY FANCHIN|
|0150|2|JOIA COMERCIAL EIRELI|1058|30670686000199||119559690110|3550308||R. Antonio Pais|164||Centro|
|0190|UN|UNIDADE DE MEDIDA UN|
|0200|CAPA|CAPA DESENHADA COLORIDA VARIOS MODELOS|SEM GTIN||UN|00|39269090||39||4,00||
|0990|9|
|B001|1|
|B990|2|
|C001|0|
|C100|1|0|1|55|00|3|102|21250807541522000140550030000001021000363572|19082025|19082025|15,88|2|0,00|0,00|15,88|3|0,00|0,00|0,00|0,00|0,00|0,00|0,00|0,00|0,00|0,00|0,00|0,00|
|C190|102|6101|0,00|15,88|0,00|0,00|0,00|0,00|0,00|0,00||
|C100|1|0|1|55|00|3|103|21250807541522000140550030000001031000856380|19082025|19082025|15,88|2|0,00|0,00|15,88|3|0,00|0,00|0,00|0,00|0,00|0,00|0,00|0,00|0,00|0,00|0,00|0,00|
|C190|102|6101|0,00|15,88|0,00|0,00|0,00|0,00|0,00|0,00||
|C100|1|0|1|55|00|3|105|21250807541522000140550030000001051000468538|19082025|19082025|15,88|2|0,00|0,00|15,88|3|0,00|0,00|0,00|0,00|0,00|0,00|0,00|0,00|0,00|0,00|0,00|0,00|
|C190|102|6101|0,00|15,88|0,00|0,00|0,00|0,00|0,00|0,00||
|C100|1|0||65|00|0|1|21250807541522000140650000000000011000839160|19082025|19082025|15,88|2|0,00|0,00|15,88|3|0,00|0,00|0,00|0,00|0,00||||||||
|C190|102|5101|0,00|15,88|0,00|0,00|0,00|0,00|0,00|0,00||
|C100|1|0||65|00|2|3|21250807541522000140650020000000031000735273|19082025|19082025|15,88|2|0,00|0,00|15,88|3|0,00|0,00|0,00|0,00|0,00||||||||
|C190|102|5101|0,00|15,88|0,00|0,00|0,00|0,00|0,00|0,00||
|C100|1|0||65|00|2|4|21250807541522000140650020000000041000289360|19082025|19082025|15,88|2|0,00|0,00|15,88|3|0,00|0,00|0,00|0,00|0,00||||||||
|C190|102|5101|0,00|15,88|0,00|0,00|0,00|0,00|0,00|0,00||
|C100|0|1|2|55|00|1|1770|35250730670686000199550010000017701367413510|10082025|10082025|1320,00|2|0,00|0,00|1320,00|3|0,00|0,00|0,00|1320,00|52,80|0,00|0,00|0,00|8,23|38,01|0,00|0,00|
|C170|1|CAPA|CAPA DESENHADA COLORIDA VARIOS MODELOS|2640,00000|UN|1320,00|0,00|0|000|2102||1320,00|4,00|52,80|0,00|0,00|0,00|0|49||1320,00|0,00|0,00|01|1267,20|0,6500|0,00||8,23|01|0,00|3,0000|0,000||38,01||0,00|
|C190|000|2102|4,00|1320,00|1320,00|52,80|0,00|0,00|0,00|0,00||
|C990|17|
|D001|1|
|D990|2|
|E001|0|
|E100|01082025|31082025|
|E110|0,00|0,00|0,00|0,00|52,80|0,00|0,00|0,00|0,00|52,80|0,00|52,80|0,00|0,00|
|E990|4|
|G001|1|
|G990|2|
|H001|1|
|H990|2|
|K001|1|
|K990|2|
|1001|0|
|1010|N|N|N|N|N|N|N|N|N|N|N|N|N|
|1990|3|
|9001|0|
|9900|0000|1|
|9900|0001|1|
|9900|0005|1|
|9900|0100|1|
|9900|0150|2|
|9900|0190|1|
|9900|0200|1|
|9900|0990|1|
|9900|B001|1|
|9900|B990|1|
|9900|C001|1|
|9900|C100|7|
|9900|C190|7|
|9900|C170|1|
|9900|C990|1|
|9900|D001|1|
|9900|D990|1|
|9900|E001|1|
|9900|E100|1|
|9900|E110|1|
|9900|E990|1|
|9900|G001|1|
|9900|G990|1|
|9900|H001|1|
|9900|H990|1|
|9900|K001|1|
|9900|K990|1|
|9900|1001|1|
|9900|1010|1|
|9900|1990|1|
|9900|9001|1|
|9900|9900|34|
|9900|9990|1|
|9900|9999|1|
|9990|37|
|9999|80|
