|0000|019|0|01082025|31082025|ALEX ROSA SILVA|05742470000144||GO|103635874|5211701|||B|1|
|0001|0|
|0005|SUPER BARATAO|75950000|AVENIDA JASSO PIRES CAETANO|33|asdasf|SETOR PADRE GUILHERME||||
|0100|B L N MESQUITA SECOS E MOLHADOS LTDA|||44770567000112|74523190||113||SET CAMPINAS|||marcos05111993@gmail.com|5208707|
|0150|1|HVSUL IND.COM.EQUIP.HIDRAULICOS LTDA.|1058|22003983000152||0290595240|4305108||RUA DOMINGOS CHIES|1186||BAIRRO INTERLAGOS|
|0150|2|JS DISTRIBUIDORA DE PECAS S/A|1058|04185877000406||152507922|1504422||RUA ROD BR 316 KM 10|04-A||SAO JOAO|
|0190|UN|UNIDADE DE MEDIDA UN|
|0200|3|NOTA FISCAL EMITIDA EM AMBIENTE DE HOMOLOGACAO - SEM VALOR FISCAL|SEM GTIN||UN|00|44071400||44||0,00||
|0200|000207|KIT VALVULA DIRECIONAL 14767119|SEM GTIN||UN|00|84136011||84||7,00||
|0200|3563|ANEL SINCRONIZADOR ALTA LD 0003563|SEM GTIN||UN|00|87084090||87||19,00|0107500|
|0200|211|MOLA ANEL SINCRONIZADO 0000211|SEM GTIN||UN|00|73202010||73||19,00|0102000|
|0200|5432|PORCA EIXO SAIDA 0005432|SEM GTIN||UN|00|73181600||73||19,00|1005800|
|0200|1698|RETENTOR TRAS CX RT 0001698|SEM GTIN||UN|00|40169300||40||19,00|0100700|
|0990|14|
|B001|1|
|B990|2|
|C001|0|
|C100|1|1||65|00|4|2|52250103630111000170650040000000021000192780|02012025|02012025|12,00|2|0,00|0,00|12,00|3|0,00|0,00|0,00|0,00|0,00||||||||
|C190|102|5101|0,00|12,00|0,00|0,00|0,00|0,00|0,00|0,00||
|C100|0|1|1|55|00|1|47228|43250822003983000152550010000472281570985767|14082025|14082025|600,00|2|0,00|0,00|600,00|3|0,00|0,00|0,00|600,00|42,00|0,00|0,00|0,00|3,63|16,74|0,00|0,00|
|C170|1|000207|KIT VALVULA DIRECIONAL 14767119|1,00000|UN|600,00|0,00|0|000|2101||600,00|7,00|42,00|0,00|0,00|0,00|0|49||0,00|0,00|0,00|01|558,00|0,6500|0,00||3,63|01|0,00|3,0000|0,000||16,74||0,00|
|C190|000|2101|7,00|600,00|600,00|42,00|0,00|0,00|0,00|0,00||
|C100|0|1|2|55|00|2|65908|15250804185877000406550020000659081639307483|12082025|12082025|1412,45|2|156,94|0,00|1569,39|3|0,00|0,00|0,00|1412,45|268,36|0,00|0,00|0,00|6,16|28,37|0,00|0,00|
|C170|1|3563|ANEL SINCRONIZADOR ALTA LD 0003563|1,00000|UN|1057,33|105,73|0|000|1102||951,60|19,00|180,80|0,00|0,00|0,00|0||||||04|0,00|0,0000|0,00||0,00|04|0,00|0,0000|0,000||0,00||0,00|
|C170|2|211|MOLA ANEL SINCRONIZADO 0000211|3,00000|UN|11,40|1,14|0|000|1102||10,26|19,00|1,95|0,00|0,00|0,00|0||||||01|8,31|1,6500|0,00||0,14|01|0,00|7,6000|0,000||0,63||0,00|
|C170|3|5432|PORCA EIXO SAIDA 0005432|1,00000|UN|178,16|17,82|0|000|1102||160,34|19,00|30,46|0,00|0,00|0,00|0||||||01|129,88|1,6500|0,00||2,14|01|0,00|7,6000|0,000||9,87||0,00|
|C170|4|1698|RETENTOR TRAS CX RT 0001698|1,00000|UN|322,50|32,25|0|000|1102||290,25|19,00|55,15|0,00|0,00|0,00|0||||||01|235,10|1,6500|0,00||3,88|01|0,00|7,6000|0,000||17,87||0,00|
|C190|000|1102|19,00|1569,39|1412,45|268,36|0,00|0,00|0,00|0,00||
|C990|13|
|D001|1|
|D990|2|
|E001|0|
|E100|01082025|31082025|
|E110|0,00|0,00|0,00|0,00|310,36|0,00|0,00|0,00|0,00|310,36|0,00|310,36|0,00|0,00|
|E990|4|
|G001|1|
|G990|2|
|H001|1|
|H990|2|
|K001|1|
|K990|2|
|1001|0|
|1010|N|N|N|N|N|N|N|N|N|N|N|N|N|
|1990|3|
|9001|0|
|9900|0000|1|
|9900|0001|1|
|9900|0005|1|
|9900|0100|1|
|9900|0150|2|
|9900|0190|1|
|9900|0200|6|
|9900|0990|1|
|9900|B001|1|
|9900|B990|1|
|9900|C001|1|
|9900|C100|3|
|9900|C190|3|
|9900|C170|5|
|9900|C990|1|
|9900|D001|1|
|9900|D990|1|
|9900|E001|1|
|9900|E100|1|
|9900|E110|1|
|9900|E990|1|
|9900|G001|1|
|9900|G990|1|
|9900|H001|1|
|9900|H990|1|
|9900|K001|1|
|9900|K990|1|
|9900|1001|1|
|9900|1010|1|
|9900|1990|1|
|9900|9001|1|
|9900|9900|34|
|9900|9990|1|
|9900|9999|1|
|9990|37|
|9999|81|
